12 100
8 101
7 102
12 103
10 104
10 105
12 106
10 107
21 108
13 109
15 110
9 111
8 112
12 113
14 114
13 115
5 116
13 117
10 118
11 119
14 120
10 121
10 122
9 123
9 124
16 125
15 126
6 127
9 128
10 129
12 130
8 131
8 132
8 133
13 134
10 135
16 136
11 137
11 138
7 139
9 140
15 141
9 142
10 143
9 144
13 145
10 146
11 147
14 148
11 149
5 150
14 151
22 152
12 153
17 154
6 155
9 156
5 157
16 158
15 159
13 160
10 161
8 162
13 163
10 164
9 165
7 166
15 167
15 168
8 169
11 170
11 171
7 172
16 173
8 174
10 175
9 176
17 177
14 178
15 179
13 180
13 181
13 182
18 183
12 184
13 185
14 186
10 187
9 188
5 189
15 190
9 191
15 192
15 193
15 194
12 195
17 196
9 197
13 198
12 199
15 200
10 201
8 202
14 203
15 204
12 205
11 206
8 207
7 208
9 209
9 210
6 211
10 212
14 213
13 214
10 215
8 216
7 217
8 218
10 219
6 220
15 221
10 222
7 223
9 224
8 225
9 226
12 227
11 228
12 229
13 230
17 231
9 232
5 233
9 234
12 235
6 236
15 237
10 238
11 239
11 240
11 241
9 242
11 243
6 244
11 245
11 246
6 247
17 248
12 249
8 250
16 251
12 252
9 253
8 254
13 255
11 256
13 257
10 258
10 259
13 260
12 261
15 262
15 263
8 264
15 265
14 266
12 267
12 268
6 269
10 270
13 271
9 272
11 273
9 274
14 275
12 276
10 277
18 278
7 279
16 280
6 281
11 282
13 283
9 284
15 285
15 286
14 287
11 288
7 289
7 290
10 291
10 292
9 293
18 294
9 295
6 296
11 297
13 298
6 299
12 300
15 301
10 302
7 303
12 304
5 305
11 306
10 307
16 308
16 309
6 310
17 311
12 312
11 313
12 314
10 315
10 316
8 317
13 318
8 319
8 320
12 321
10 322
19 323
14 324
9 325
10 326
15 327
9 328
7 329
11 330
18 331
16 332
12 333
6 334
14 335
7 336
7 337
14 338
10 339
14 340
8 341
11 342
11 343
17 344
9 345
13 346
6 347
11 348
11 349
11 350
14 351
6 352
12 353
7 354
12 355
9 356
8 357
18 358
9 359
13 360
16 361
15 362
13 363
7 364
13 365
14 366
12 367
10 368
14 369
13 370
12 371
10 372
16 373
4 374
11 375
12 376
9 377
12 378
10 379
10 380
12 381
13 382
13 383
14 384
7 385
12 386
16 387
12 388
12 389
11 390
5 391
11 392
14 393
9 394
8 395
10 396
3 397
10 398
11 399
13 400
11 401
7 402
10 403
12 404
13 405
14 406
12 407
9 408
8 409
10 410
8 411
11 412
9 413
9 414
6 415
9 416
10 417
17 418
11 419
12 420
9 421
8 422
9 423
11 424
7 425
10 426
10 427
14 428
18 429
13 430
11 431
11 432
12 433
13 434
13 435
8 436
10 437
5 438
23 439
7 440
10 441
5 442
12 443
11 444
11 445
11 446
13 447
7 448
8 449
14 450
12 451
14 452
6 453
11 454
15 455
8 456
12 457
10 458
9 459
15 460
10 461
11 462
9 463
11 464
12 465
17 466
10 467
14 468
13 469
12 470
16 471
13 472
11 473
12 474
12 475
11 476
15 477
16 478
18 479
13 480
10 481
9 482
12 483
14 484
13 485
10 486
9 487
18 488
23 489
11 490
12 491
7 492
13 493
15 494
12 495
16 496
11 497
12 498
11 499
10 500
8 501
9 502
13 503
11 504
11 505
15 506
15 507
10 508
9 509
11 510
11 511
10 512
9 513
12 514
10 515
11 516
11 517
10 518
10 519
5 520
15 521
17 522
13 523
12 524
15 525
11 526
18 527
10 528
11 529
16 530
10 531
9 532
11 533
18 534
12 535
9 536
8 537
19 538
10 539
11 540
14 541
16 542
15 543
12 544
11 545
9 546
6 547
11 548
13 549
12 550
12 551
10 552
9 553
10 554
12 555
12 556
12 557
10 558
12 559
10 560
12 561
6 562
13 563
11 564
11 565
10 566
13 567
10 568
9 569
16 570
11 571
11 572
12 573
11 574
8 575
6 576
10 577
5 578
11 579
15 580
13 581
12 582
9 583
7 584
12 585
8 586
19 587
11 588
6 589
5 590
11 591
14 592
13 593
18 594
11 595
15 596
7 597
6 598
5 599
5 600
6 601
7 602
7 603
10 604
10 605
12 606
10 607
13 608
12 609
12 610
5 611
13 612
12 613
10 614
14 615
10 616
13 617
13 618
6 619
10 620
13 621
8 622
5 623
13 624
16 625
13 626
10 627
8 628
7 629
8 630
15 631
8 632
11 633
11 634
13 635
6 636
13 637
16 638
20 639
9 640
15 641
12 642
14 643
8 644
10 645
13 646
10 647
16 648
7 649
12 650
12 651
8 652
8 653
3 654
9 655
9 656
7 657
13 658
8 659
10 660
13 661
8 662
7 663
11 664
15 665
7 666
7 667
11 668
11 669
19 670
13 671
7 672
16 673
14 674
6 675
16 676
3 677
11 678
15 679
18 680
15 681
9 682
11 683
17 684
14 685
16 686
6 687
17 688
8 689
10 690
8 691
7 692
5 693
7 694
11 695
16 696
22 697
7 698
5 699
12 700
8 701
10 702
5 703
15 704
7 705
10 706
9 707
17 708
10 709
9 710
19 711
10 712
15 713
17 714
12 715
11 716
8 717
13 718
5 719
10 720
11 721
12 722
10 723
10 724
4 725
12 726
8 727
5 728
11 729
8 730
16 731
14 732
14 733
13 734
12 735
16 736
5 737
11 738
6 739
5 740
8 741
11 742
6 743
6 744
12 745
11 746
7 747
15 748
13 749
19 750
9 751
11 752
15 753
13 754
13 755
21 756
11 757
12 758
16 759
12 760
12 761
10 762
13 763
9 764
14 765
9 766
13 767
9 768
18 769
6 770
12 771
11 772
9 773
13 774
14 775
11 776
16 777
17 778
11 779
8 780
11 781
7 782
14 783
16 784
11 785
9 786
11 787
13 788
13 789
10 790
9 791
13 792
13 793
17 794
12 795
11 796
12 797
10 798
8 799
9 800
10 801
8 802
11 803
10 804
18 805
8 806
15 807
14 808
14 809
7 810
19 811
15 812
8 813
13 814
11 815
12 816
12 817
8 818
11 819
10 820
13 821
9 822
17 823
11 824
11 825
16 826
9 827
15 828
12 829
9 830
14 831
12 832
8 833
13 834
6 835
11 836
14 837
13 838
12 839
11 840
14 841
11 842
11 843
9 844
10 845
10 846
12 847
6 848
12 849
14 850
10 851
11 852
8 853
13 854
6 855
14 856
15 857
10 858
9 859
15 860
8 861
11 862
10 863
9 864
6 865
12 866
9 867
11 868
7 869
9 870
14 871
16 872
12 873
12 874
8 875
13 876
17 877
9 878
11 879
9 880
11 881
8 882
7 883
7 884
8 885
11 886
10 887
13 888
12 889
12 890
9 891
12 892
14 893
15 894
16 895
16 896
5 897
7 898
8 899
18 900
6 901
11 902
11 903
12 904
13 905
9 906
11 907
8 908
8 909
11 910
9 911
10 912
11 913
9 914
13 915
16 916
10 917
12 918
10 919
5 920
15 921
12 922
8 923
15 924
18 925
5 926
8 927
14 928
6 929
9 930
5 931
10 932
10 933
7 934
11 935
10 936
9 937
13 938
17 939
15 940
9 941
11 942
12 943
11 944
15 945
7 946
5 947
9 948
12 949
16 950
9 951
7 952
8 953
9 954
18 955
11 956
11 957
9 958
14 959
13 960
11 961
6 962
13 963
9 964
9 965
13 966
11 967
16 968
10 969
7 970
8 971
16 972
9 973
3 974
8 975
7 976
10 977
13 978
13 979
6 980
6 981
5 982
7 983
9 984
14 985
9 986
13 987
15 988
12 989
20 990
13 991
11 992
9 993
15 994
12 995
12 996
13 997
15 998
10 999
